VERSION 5.00
Object = "*\AProject1.vbp"
Begin VB.Form Form1 
   Caption         =   "Form1"
   ClientHeight    =   7710
   ClientLeft      =   2070
   ClientTop       =   1965
   ClientWidth     =   8865
   LinkTopic       =   "Form1"
   ScaleHeight     =   7710
   ScaleWidth      =   8865
   Begin ArchCtrl.Archimedes Archimedes1 
      Height          =   7395
      Left            =   450
      TabIndex        =   0
      Top             =   180
      Width           =   7485
      _ExtentX        =   13203
      _ExtentY        =   13044
      Incremental     =   3.14159265358979E-10
      MaxOrbits       =   700000
      StepInterval    =   0.314159265358979
      ForeColor       =   -2147483640
      BackColor       =   0
      Base            =   10
      Zoom            =   2.5552
      Color0          =   11574784
      Color1          =   12365322
      Color2          =   15254033
      Color3          =   14474264
      Color4          =   15378489
      Color5          =   16692278
      Color6          =   16767334
      Color7          =   16600377
      Color8          =   16675143
      Color9          =   16749713
   End
End
Attribute VB_Name = "Form1"
Attribute VB_GlobalNameSpace = False
Attribute VB_Creatable = False
Attribute VB_PredeclaredId = True
Attribute VB_Exposed = False
Option Explicit

Private Sub Form_Unload(Cancel As Integer)
End
End Sub
